389.7559780312608 599
398.22819690661294 599
441.32037666767343 599
563.0869480692406 598
424.85636461530623 599
381.7233435007158 599
536.4030724650029 599
602.8783678590936 599
481.4754675184465 599
450.0883525213513 599
402.05057751507337 599
473.1771407395512 599
491.0117647896804 599
552.8860091068636 599
467.8059713716391 599
930.5452171572342 599
449.19763892233084 599
581.0816854420236 599
577.9281594717361 599
542.4388536058291 599
302.0313579478681 599
631.2847993312191 599
406.239486552167 599
306.01171481235485 599
612.8111392447595 599
490.5154508588375 599
354.94378188960513 599
502.1703728188682 599
448.9348557342172 599
461.2290140410737 599
