28.199651230523774 598
18.715978962555386 599
29.123399611790312 599
17.454893551397305 599
17.837743619887682 599
20.077746792872254 599
32.159574820678706 599
14.860148264374464 599
17.332211440706242 599
23.01096718355391 599
25.7028053476847 599
29.297556831372138 599
19.472327977721218 599
17.603370027681002 599
27.2044821252755 599
11.812713849928645 599
18.29540851737221 599
22.51547816596104 598
17.572160025482503 599
36.66606081096847 599
29.488865573200393 599
19.51874629176008 598
25.595343019996648 599
20.042629939031357 599
31.197019951834406 599
24.08794470405871 599
18.36014393130811 599
24.808635375612567 599
34.90150405636666 599
19.94367220949395 599
