1.052997617376331 799
15.613838649493806 794
0.4567267992172006 799
3.07540600135564 796
0.4922960537904082 799
1.1598183369973434 799
0.9715315542319658 799
5.9353949812895035 799
5.670318689091495 799
0.5036251522268973 799
5.225956228923334 799
4.412810212271671 796
1.5525312656833812 799
0.524788219603332 799
0.5496168938238899 799
0.8387391043465762 797
1.5173363001971474 799
9.551866026171036 798
7.174459163331909 798
11.634444606348763 799
0.5034675936179731 799
1.1225837813095652 797
12.427502077654644 797
3.0943300516073347 797
2.01920542193629 799
0.4699367335398019 799
0.7717589721007503 799
4.932765713388472 797
1.297967852387984 799
14.793425895074797 794
