0.07265790532933636 798
0.0634686345136437 799
0.07330313112405129 782
0.058475593259659675 797
0.07077225857161729 794
0.06333116115611404 796
0.06919812546558823 798
0.04215116074926328 792
0.10462878039878021 799
0.07060529545764282 798
0.05696879109524211 789
0.06021685883767347 799
0.0676244815233158 780
0.06863430519110914 792
0.08868805563111515 798
0.06310814641104123 796
0.06296086810956325 791
0.05952556010883825 793
0.05982740122145813 799
0.08031225925997987 795
0.03688343514747139 799
0.05460739960155081 799
0.08232132538606685 797
0.07551334344735672 797
0.07940063383322027 794
0.061167668617628124 798
0.06360254592290993 792
0.08708245929127578 794
0.07120985690254145 796
0.09640004685442882 798
