710.6300018114907 869
473.7533323019543 936
710.6300013548371 998
454.01633218233655 997
868.5613807148056 984
2016.504846544285 991
1480.5229550291624 996
1263.4613075316174 998
1500.2243442667113 992
809.3313365701415 965
552.7176675773153 996
1362.0707639733137 956
473.75333253935787 976
592.224568143045 932
1677.9256247727499 998
908.032671242212 999
1223.9682630144507 971
1362.0490096481517 968
454.01633235719964 944
473.75333229582975 997
809.3313363121651 960
690.8930024972542 988
473.75333216915715 995
572.4546669512147 939
671.156002102156 976
690.8930013510417 968
1164.6463399201857 990
809.3313362669869 985
967.2627153119793 931
592.1916667174955 984
