4323.642160048601 997
4227.560429676565 999
5093.186384151207 995
6041.3979002982105 992
4856.825624661945 999
5211.591832184103 998
3968.388783010065 999
4285.947092536112 999
4876.456898312536 999
4880.495345674347 999
4501.0213356840295 999
4898.264102979764 997
3197.9335054520798 999
6061.240094640286 998
4876.150844909455 998
4659.197989360013 999
3633.7388884731845 999
4481.216934199188 999
3355.8734595740907 999
4284.338061307662 999
4207.69870510465 997
3258.769547618068 997
4658.805787063005 999
4719.041404359438 994
3971.2931643813827 999
5152.350614609092 998
4027.029255412348 999
4660.404364347154 999
5132.513333013864 995
5033.9234631398485 999
